# Blender 4.5.2 LTS
# www.blender.org
mtllib InterseccionSuaveEstable3.mtl
o Plane.175
v 0.822333 0.027512 -5.020726
v 0.823988 0.027512 -4.788408
v 0.934063 0.027512 -5.021522
v 0.935718 0.027512 -4.789204
v 0.934063 0.027512 -5.021522
v 0.822333 0.027512 -5.020726
v 0.823988 0.027512 -4.788408
v 0.935718 0.027512 -4.789204
v 0.934063 0.109557 -5.021522
v 0.822333 0.109557 -5.020726
v 0.823988 0.109557 -4.788408
v 0.935718 0.109557 -4.789204
vn -0.0000 -1.0000 -0.0000
vn 0.0071 -0.0000 1.0000
vn -0.0000 1.0000 -0.0000
vn -0.0071 -0.0000 -1.0000
vn 1.0000 -0.0000 -0.0071
vn -1.0000 -0.0000 0.0071
s 0
usemtl Material.174
f 1//1 3//1 4//1 2//1
f 7//2 8//2 12//2 11//2
f 2//3 4//3 8//3 7//3
f 3//3 1//3 6//3 5//3
f 4//3 3//3 5//3 8//3
f 1//3 2//3 7//3 6//3
f 10//3 11//3 12//3 9//3
f 5//4 6//4 10//4 9//4
f 8//5 5//5 9//5 12//5
f 6//6 7//6 11//6 10//6
o Plane.177
v 0.972164 0.105653 -0.679780
v 0.865151 0.108526 -0.885969
v 1.071163 0.113011 -0.731059
v 0.964149 0.115883 -0.937248
v 1.071163 0.113011 -0.731059
v 0.972164 0.105653 -0.679780
v 0.865151 0.108526 -0.885969
v 0.964149 0.115883 -0.937248
v 1.075492 0.031151 -0.734446
v 0.976494 0.023793 -0.683168
v 0.869480 0.026666 -0.889357
v 0.968479 0.034023 -0.940635
vn -0.0528 0.9978 0.0413
vn -0.4606 0.0124 -0.8875
vn 0.0528 -0.9978 -0.0413
vn 0.4606 -0.0124 0.8875
vn 0.8860 0.0659 -0.4589
vn -0.8860 -0.0659 0.4589
s 0
usemtl Material.176
f 13//7 15//7 16//7 14//7
f 19//8 20//8 24//8 23//8
f 14//9 16//9 20//9 19//9
f 15//9 13//9 18//9 17//9
f 16//9 15//9 17//9 20//9
f 13//9 14//9 19//9 18//9
f 22//9 23//9 24//9 21//9
f 17//10 18//10 22//10 21//10
f 20//11 17//11 21//11 24//11
f 18//12 19//12 23//12 22//12
o Plane.178
v 1.437226 0.106610 -0.398910
v 1.223856 0.105585 -0.490813
v 1.481297 0.114080 -0.501312
v 1.267927 0.113055 -0.593216
v 1.481297 0.114080 -0.501312
v 1.437226 0.106610 -0.398910
v 1.223856 0.105585 -0.490813
v 1.267927 0.113055 -0.593216
v 1.483799 0.032221 -0.506207
v 1.439728 0.024751 -0.403805
v 1.226358 0.023725 -0.495708
v 1.270429 0.031195 -0.598111
vn -0.0305 0.9978 0.0597
vn -0.9184 -0.0044 -0.3956
vn 0.0305 -0.9978 -0.0597
vn 0.9184 0.0044 0.3956
vn 0.3944 0.0669 -0.9165
vn -0.3944 -0.0669 0.9165
s 0
usemtl Material.177
f 25//13 27//13 28//13 26//13
f 31//14 32//14 36//14 35//14
f 26//15 28//15 32//15 31//15
f 27//15 25//15 30//15 29//15
f 28//15 27//15 29//15 32//15
f 25//15 26//15 31//15 30//15
f 34//15 35//15 36//15 33//15
f 29//16 30//16 34//16 33//16
f 32//17 29//17 33//17 36//17
f 30//18 31//18 35//18 34//18
o Plane.179
v 0.876803 0.108006 -0.895684
v 0.829436 0.115499 -1.123004
v 0.986041 0.114568 -0.918229
v 0.938675 0.122061 -1.145549
v 0.986041 0.114568 -0.918229
v 0.876803 0.108006 -0.895684
v 0.829436 0.115499 -1.123004
v 0.938675 0.122061 -1.145549
v 0.990222 0.032708 -0.921799
v 0.880983 0.026146 -0.899253
v 0.833617 0.033639 -1.126573
v 0.942855 0.040201 -1.149118
vn -0.0510 0.9978 0.0435
vn -0.2039 0.0323 -0.9785
vn 0.0510 -0.9978 -0.0435
vn 0.2039 -0.0323 0.9785
vn 0.9777 0.0587 -0.2018
vn -0.9777 -0.0587 0.2018
s 0
usemtl Material.178
f 37//19 39//19 40//19 38//19
f 43//20 44//20 48//20 47//20
f 38//21 40//21 44//21 43//21
f 39//21 37//21 42//21 41//21
f 40//21 39//21 41//21 44//21
f 37//21 38//21 43//21 42//21
f 46//21 47//21 48//21 45//21
f 41//22 42//22 46//22 45//22
f 44//23 41//23 45//23 48//23
f 42//24 43//24 47//24 46//24
o Plane.180
v 0.831845 0.103109 -1.119362
v 0.846444 0.112347 -1.351042
v 0.943172 0.109263 -1.112102
v 0.957771 0.118500 -1.343781
v 0.943172 0.109263 -1.112102
v 0.831845 0.103109 -1.119362
v 0.846444 0.112347 -1.351042
v 0.957771 0.118500 -1.343781
v 0.947890 0.027408 -1.115068
v 0.836563 0.021254 -1.122329
v 0.851162 0.030492 -1.354009
v 0.962489 0.036646 -1.346748
vn -0.0575 0.9977 0.0362
vn 0.0628 0.0398 -0.9972
vn 0.0575 -0.9977 -0.0362
vn -0.0628 -0.0398 0.9972
vn 0.9964 0.0551 0.0650
vn -0.9964 -0.0551 -0.0650
s 0
usemtl Material.179
f 49//25 51//25 52//25 50//25
f 55//26 56//26 60//26 59//26
f 50//27 52//27 56//27 55//27
f 51//27 49//27 54//27 53//27
f 52//27 51//27 53//27 56//27
f 49//27 50//27 55//27 54//27
f 58//27 59//27 60//27 57//27
f 53//28 54//28 58//28 57//28
f 56//29 53//29 57//29 60//29
f 54//30 55//30 59//30 58//30
o Plane.181
v 0.169249 0.027512 1.474300
v 0.035778 0.027512 1.664457
v 0.260703 0.027512 1.538492
v 0.127232 0.027512 1.728648
v 0.260703 0.027512 1.538492
v 0.169249 0.027512 1.474300
v 0.035778 0.027512 1.664457
v 0.127232 0.027512 1.728648
v 0.260703 0.109557 1.538492
v 0.169249 0.109557 1.474300
v 0.035778 0.109557 1.664457
v 0.127232 0.109557 1.728648
vn -0.0000 -1.0000 -0.0000
vn -0.5745 -0.0000 0.8185
vn -0.0000 1.0000 -0.0000
vn 0.5745 -0.0000 -0.8185
vn 0.8185 -0.0000 0.5745
vn -0.8185 -0.0000 -0.5745
s 0
usemtl Material.180
f 61//31 63//31 64//31 62//31
f 67//32 68//32 72//32 71//32
f 62//33 64//33 68//33 67//33
f 63//33 61//33 66//33 65//33
f 64//33 63//33 65//33 68//33
f 61//33 62//33 67//33 66//33
f 70//33 71//33 72//33 69//33
f 65//34 66//34 70//34 69//34
f 68//35 65//35 69//35 72//35
f 66//36 67//36 71//36 70//36
o Plane.182
v 0.295860 0.027512 1.353907
v 0.132309 0.027512 1.518907
v 0.375215 0.027512 1.432565
v 0.211664 0.027512 1.597565
v 0.375215 0.027512 1.432565
v 0.295860 0.027512 1.353907
v 0.132309 0.027512 1.518907
v 0.211664 0.027512 1.597565
v 0.375215 0.109557 1.432565
v 0.295860 0.109557 1.353907
v 0.132309 0.109557 1.518907
v 0.211664 0.109557 1.597565
vn -0.0000 -1.0000 -0.0000
vn -0.7040 -0.0000 0.7102
vn -0.0000 1.0000 -0.0000
vn 0.7040 -0.0000 -0.7102
vn 0.7102 -0.0000 0.7040
vn -0.7102 -0.0000 -0.7040
s 0
usemtl Material.181
f 73//37 75//37 76//37 74//37
f 79//38 80//38 84//38 83//38
f 74//39 76//39 80//39 79//39
f 75//39 73//39 78//39 77//39
f 76//39 75//39 77//39 80//39
f 73//39 74//39 79//39 78//39
f 82//39 83//39 84//39 81//39
f 77//40 78//40 82//40 81//40
f 80//41 77//41 81//41 84//41
f 78//42 79//42 83//42 82//42
o Plane.183
v 1.102764 0.027512 1.168117
v 0.870479 0.027512 1.172341
v 1.104795 0.027512 1.279832
v 0.872510 0.027512 1.284056
v 1.104795 0.027512 1.279832
v 1.102764 0.027512 1.168117
v 0.870479 0.027512 1.172341
v 0.872510 0.027512 1.284056
v 1.104795 0.109557 1.279832
v 1.102764 0.109557 1.168117
v 0.870479 0.109557 1.172341
v 0.872510 0.109557 1.284056
vn -0.0000 -1.0000 -0.0000
vn -0.9998 -0.0000 0.0182
vn -0.0000 1.0000 -0.0000
vn 0.9998 -0.0000 -0.0182
vn 0.0182 -0.0000 0.9998
vn -0.0182 -0.0000 -0.9998
s 0
usemtl Material.182
f 85//43 87//43 88//43 86//43
f 91//44 92//44 96//44 95//44
f 86//45 88//45 92//45 91//45
f 87//45 85//45 90//45 89//45
f 88//45 87//45 89//45 92//45
f 85//45 86//45 91//45 90//45
f 94//45 95//45 96//45 93//45
f 89//46 90//46 94//46 93//46
f 92//47 89//47 93//47 96//47
f 90//48 91//48 95//48 94//48
o Plane.184
v 0.491967 0.027512 1.259268
v 0.285174 0.027512 1.365150
v 0.542889 0.027512 1.358722
v 0.336097 0.027512 1.464604
v 0.542889 0.027512 1.358722
v 0.491967 0.027512 1.259268
v 0.285174 0.027512 1.365150
v 0.336097 0.027512 1.464604
v 0.542889 0.109557 1.358722
v 0.491967 0.109557 1.259268
v 0.285174 0.109557 1.365150
v 0.336097 0.109557 1.464604
vn -0.0000 -1.0000 -0.0000
vn -0.8901 -0.0000 0.4558
vn -0.0000 1.0000 -0.0000
vn 0.8901 -0.0000 -0.4558
vn 0.4558 -0.0000 0.8901
vn -0.4558 -0.0000 -0.8901
s 0
usemtl Material.183
f 97//49 99//49 100//49 98//49
f 103//50 104//50 108//50 107//50
f 98//51 100//51 104//51 103//51
f 99//51 97//51 102//51 101//51
f 100//51 99//51 101//51 104//51
f 97//51 98//51 103//51 102//51
f 106//51 107//51 108//51 105//51
f 101//52 102//52 106//52 105//52
f 104//53 101//53 105//53 108//53
f 102//54 103//54 107//54 106//54
o Plane.185
v 4.865321 0.027512 0.184954
v 4.637515 0.027512 0.139363
v 4.843394 0.027512 0.294515
v 4.615589 0.027512 0.248924
v 4.843394 0.027512 0.294515
v 4.865321 0.027512 0.184954
v 4.637515 0.027512 0.139363
v 4.615589 0.027512 0.248924
v 4.843394 0.109557 0.294515
v 4.865321 0.109557 0.184954
v 4.637515 0.109557 0.139363
v 4.615589 0.109557 0.248924
vn -0.0000 -1.0000 -0.0000
vn -0.9806 -0.0000 -0.1962
vn -0.0000 1.0000 -0.0000
vn 0.9806 -0.0000 0.1962
vn -0.1962 -0.0000 0.9806
vn 0.1962 -0.0000 -0.9806
s 0
usemtl Material.184
f 109//55 111//55 112//55 110//55
f 115//56 116//56 120//56 119//56
f 110//57 112//57 116//57 115//57
f 111//57 109//57 114//57 113//57
f 112//57 111//57 113//57 116//57
f 109//57 110//57 115//57 114//57
f 118//57 119//57 120//57 117//57
f 113//58 114//58 118//58 117//58
f 116//59 113//59 117//59 120//59
f 114//60 115//60 119//60 118//60
o Plane.186
v 2.809323 0.027512 -0.241768
v 2.581517 0.027512 -0.287359
v 2.787397 0.027512 -0.132207
v 2.559591 0.027512 -0.177798
v 2.787397 0.027512 -0.132207
v 2.809323 0.027512 -0.241768
v 2.581517 0.027512 -0.287359
v 2.559591 0.027512 -0.177798
v 2.787397 0.109557 -0.132207
v 2.809323 0.109557 -0.241768
v 2.581517 0.109557 -0.287359
v 2.559591 0.109557 -0.177798
vn -0.0000 -1.0000 -0.0000
vn -0.9806 -0.0000 -0.1962
vn -0.0000 1.0000 -0.0000
vn 0.9806 -0.0000 0.1962
vn -0.1962 -0.0000 0.9806
vn 0.1962 -0.0000 -0.9806
s 0
usemtl Material.185
f 121//61 123//61 124//61 122//61
f 127//62 128//62 132//62 131//62
f 122//63 124//63 128//63 127//63
f 123//63 121//63 126//63 125//63
f 124//63 123//63 125//63 128//63
f 121//63 122//63 127//63 126//63
f 130//63 131//63 132//63 129//63
f 125//64 126//64 130//64 129//64
f 128//65 125//65 129//65 132//65
f 126//66 127//66 131//66 130//66
o Plane.187
v 2.582846 0.027512 -0.288774
v 2.355040 0.027512 -0.334365
v 2.560919 0.027512 -0.179213
v 2.333113 0.027512 -0.224804
v 2.560919 0.027512 -0.179213
v 2.582846 0.027512 -0.288774
v 2.355040 0.027512 -0.334365
v 2.333113 0.027512 -0.224804
v 2.560919 0.109557 -0.179213
v 2.582846 0.109557 -0.288774
v 2.355040 0.109557 -0.334365
v 2.333113 0.109557 -0.224804
vn -0.0000 -1.0000 -0.0000
vn -0.9806 -0.0000 -0.1962
vn -0.0000 1.0000 -0.0000
vn 0.9806 -0.0000 0.1962
vn -0.1962 -0.0000 0.9806
vn 0.1962 -0.0000 -0.9806
s 0
usemtl Material.186
f 133//67 135//67 136//67 134//67
f 139//68 140//68 144//68 143//68
f 134//69 136//69 140//69 139//69
f 135//69 133//69 138//69 137//69
f 136//69 135//69 137//69 140//69
f 133//69 134//69 139//69 138//69
f 142//69 143//69 144//69 141//69
f 137//70 138//70 142//70 141//70
f 140//71 137//71 141//71 144//71
f 138//72 139//72 143//72 142//72
o Plane.188
v 2.129162 0.027512 -0.382937
v 1.901356 0.027512 -0.428528
v 2.107235 0.027512 -0.273376
v 1.879429 0.027512 -0.318967
v 2.107235 0.027512 -0.273376
v 2.129162 0.027512 -0.382937
v 1.901356 0.027512 -0.428528
v 1.879429 0.027512 -0.318967
v 2.107235 0.109557 -0.273376
v 2.129162 0.109557 -0.382937
v 1.901356 0.109557 -0.428528
v 1.879429 0.109557 -0.318967
vn -0.0000 -1.0000 -0.0000
vn -0.9806 -0.0000 -0.1962
vn -0.0000 1.0000 -0.0000
vn 0.9806 -0.0000 0.1962
vn -0.1962 -0.0000 0.9806
vn 0.1962 -0.0000 -0.9806
s 0
usemtl Material.187
f 145//73 147//73 148//73 146//73
f 151//74 152//74 156//74 155//74
f 146//75 148//75 152//75 151//75
f 147//75 145//75 150//75 149//75
f 148//75 147//75 149//75 152//75
f 145//75 146//75 151//75 150//75
f 154//75 155//75 156//75 153//75
f 149//76 150//76 154//76 153//76
f 152//77 149//77 153//77 156//77
f 150//78 151//78 155//78 154//78
o Plane.189
v 2.355639 0.027512 -0.335931
v 2.127834 0.027512 -0.381522
v 2.333713 0.027512 -0.226370
v 2.105907 0.027512 -0.271961
v 2.333713 0.027512 -0.226370
v 2.355639 0.027512 -0.335931
v 2.127834 0.027512 -0.381522
v 2.105907 0.027512 -0.271961
v 2.333713 0.109557 -0.226370
v 2.355639 0.109557 -0.335931
v 2.127834 0.109557 -0.381522
v 2.105907 0.109557 -0.271961
vn -0.0000 -1.0000 -0.0000
vn -0.9806 -0.0000 -0.1962
vn -0.0000 1.0000 -0.0000
vn 0.9806 -0.0000 0.1962
vn -0.1962 -0.0000 0.9806
vn 0.1962 -0.0000 -0.9806
s 0
usemtl Material.188
f 157//79 159//79 160//79 158//79
f 163//80 164//80 168//80 167//80
f 158//81 160//81 164//81 163//81
f 159//81 157//81 162//81 161//81
f 160//81 159//81 161//81 164//81
f 157//81 158//81 163//81 162//81
f 166//81 167//81 168//81 165//81
f 161//82 162//82 166//82 165//82
f 164//83 161//83 165//83 168//83
f 162//84 163//84 167//84 166//84
o Plane.190
v 1.671473 0.027512 -0.477930
v 1.443667 0.027512 -0.523521
v 1.649547 0.027512 -0.368369
v 1.421741 0.027512 -0.413960
v 1.649547 0.027512 -0.368369
v 1.671473 0.027512 -0.477930
v 1.443667 0.027512 -0.523521
v 1.421741 0.027512 -0.413960
v 1.649547 0.109557 -0.368369
v 1.671473 0.109557 -0.477930
v 1.443667 0.109557 -0.523521
v 1.421741 0.109557 -0.413960
vn -0.0000 -1.0000 -0.0000
vn -0.9806 -0.0000 -0.1962
vn -0.0000 1.0000 -0.0000
vn 0.9806 -0.0000 0.1962
vn -0.1962 -0.0000 0.9806
vn 0.1962 -0.0000 -0.9806
s 0
usemtl Material.189
f 169//85 171//85 172//85 170//85
f 175//86 176//86 180//86 179//86
f 170//87 172//87 176//87 175//87
f 171//87 169//87 174//87 173//87
f 172//87 171//87 173//87 176//87
f 169//87 170//87 175//87 174//87
f 178//87 179//87 180//87 177//87
f 173//88 174//88 178//88 177//88
f 176//89 173//89 177//89 180//89
f 174//90 175//90 179//90 178//90
o Plane.191
v 1.897951 0.027512 -0.430924
v 1.670145 0.027512 -0.476515
v 1.876024 0.027512 -0.321363
v 1.648218 0.027512 -0.366954
v 1.876024 0.027512 -0.321363
v 1.897951 0.027512 -0.430924
v 1.670145 0.027512 -0.476515
v 1.648218 0.027512 -0.366954
v 1.876024 0.109557 -0.321363
v 1.897951 0.109557 -0.430924
v 1.670145 0.109557 -0.476515
v 1.648218 0.109557 -0.366954
vn -0.0000 -1.0000 -0.0000
vn -0.9806 -0.0000 -0.1962
vn -0.0000 1.0000 -0.0000
vn 0.9806 -0.0000 0.1962
vn -0.1962 -0.0000 0.9806
vn 0.1962 -0.0000 -0.9806
s 0
usemtl Material.190
f 181//91 183//91 184//91 182//91
f 187//92 188//92 192//92 191//92
f 182//93 184//93 188//93 187//93
f 183//93 181//93 186//93 185//93
f 184//93 183//93 185//93 188//93
f 181//93 182//93 187//93 186//93
f 190//93 191//93 192//93 189//93
f 185//94 186//94 190//94 189//94
f 188//95 185//95 189//95 192//95
f 186//96 187//96 191//96 190//96
o Plane.192
v 3.722037 0.027512 -0.052335
v 3.494231 0.027512 -0.097926
v 3.700111 0.027512 0.057226
v 3.472305 0.027512 0.011635
v 3.700111 0.027512 0.057226
v 3.722037 0.027512 -0.052335
v 3.494231 0.027512 -0.097926
v 3.472305 0.027512 0.011635
v 3.700111 0.109557 0.057226
v 3.722037 0.109557 -0.052335
v 3.494231 0.109557 -0.097926
v 3.472305 0.109557 0.011635
vn -0.0000 -1.0000 -0.0000
vn -0.9806 -0.0000 -0.1962
vn -0.0000 1.0000 -0.0000
vn 0.9806 -0.0000 0.1962
vn -0.1962 -0.0000 0.9806
vn 0.1962 -0.0000 -0.9806
s 0
usemtl Material.191
f 193//97 195//97 196//97 194//97
f 199//98 200//98 204//98 203//98
f 194//99 196//99 200//99 199//99
f 195//99 193//99 198//99 197//99
f 196//99 195//99 197//99 200//99
f 193//99 194//99 199//99 198//99
f 202//99 203//99 204//99 201//99
f 197//100 198//100 202//100 201//100
f 200//101 197//101 201//101 204//101
f 198//102 199//102 203//102 202//102
o Plane.193
v 3.495559 0.027512 -0.099340
v 3.267753 0.027512 -0.144931
v 3.473632 0.027512 0.010221
v 3.245826 0.027512 -0.035370
v 3.473632 0.027512 0.010221
v 3.495559 0.027512 -0.099340
v 3.267753 0.027512 -0.144931
v 3.245826 0.027512 -0.035370
v 3.473632 0.109557 0.010221
v 3.495559 0.109557 -0.099340
v 3.267753 0.109557 -0.144931
v 3.245826 0.109557 -0.035370
vn -0.0000 -1.0000 -0.0000
vn -0.9806 -0.0000 -0.1962
vn -0.0000 1.0000 -0.0000
vn 0.9806 -0.0000 0.1962
vn -0.1962 -0.0000 0.9806
vn 0.1962 -0.0000 -0.9806
s 0
usemtl Material.192
f 205//103 207//103 208//103 206//103
f 211//104 212//104 216//104 215//104
f 206//105 208//105 212//105 211//105
f 207//105 205//105 210//105 209//105
f 208//105 207//105 209//105 212//105
f 205//105 206//105 211//105 210//105
f 214//105 215//105 216//105 213//105
f 209//106 210//106 214//106 213//106
f 212//107 209//107 213//107 216//107
f 210//108 211//108 215//108 214//108
o Plane.194
v 3.041875 0.027512 -0.193502
v 2.814070 0.027512 -0.239093
v 3.019949 0.027512 -0.083942
v 2.792143 0.027512 -0.129533
v 3.019949 0.027512 -0.083942
v 3.041875 0.027512 -0.193502
v 2.814070 0.027512 -0.239093
v 2.792143 0.027512 -0.129533
v 3.019949 0.109557 -0.083942
v 3.041875 0.109557 -0.193502
v 2.814070 0.109557 -0.239093
v 2.792143 0.109557 -0.129533
vn -0.0000 -1.0000 -0.0000
vn -0.9806 -0.0000 -0.1962
vn -0.0000 1.0000 -0.0000
vn 0.9806 -0.0000 0.1962
vn -0.1962 -0.0000 0.9806
vn 0.1962 -0.0000 -0.9806
s 0
usemtl Material.193
f 217//109 219//109 220//109 218//109
f 223//110 224//110 228//110 227//110
f 218//111 220//111 224//111 223//111
f 219//111 217//111 222//111 221//111
f 220//111 219//111 221//111 224//111
f 217//111 218//111 223//111 222//111
f 226//111 227//111 228//111 225//111
f 221//112 222//112 226//112 225//112
f 224//113 221//113 225//113 228//113
f 222//114 223//114 227//114 226//114
o Plane.195
v 3.268354 0.027512 -0.146496
v 3.040548 0.027512 -0.192087
v 3.246427 0.027512 -0.036935
v 3.018621 0.027512 -0.082526
v 3.246427 0.027512 -0.036935
v 3.268354 0.027512 -0.146496
v 3.040548 0.027512 -0.192087
v 3.018621 0.027512 -0.082526
v 3.246427 0.109557 -0.036935
v 3.268354 0.109557 -0.146496
v 3.040548 0.109557 -0.192087
v 3.018621 0.109557 -0.082526
vn -0.0000 -1.0000 -0.0000
vn -0.9806 -0.0000 -0.1962
vn -0.0000 1.0000 -0.0000
vn 0.9806 -0.0000 0.1962
vn -0.1962 -0.0000 0.9806
vn 0.1962 -0.0000 -0.9806
s 0
usemtl Material.194
f 229//115 231//115 232//115 230//115
f 235//116 236//116 240//116 239//116
f 230//117 232//117 236//117 235//117
f 231//117 229//117 234//117 233//117
f 232//117 231//117 233//117 236//117
f 229//117 230//117 235//117 234//117
f 238//117 239//117 240//117 237//117
f 233//118 234//118 238//118 237//118
f 236//119 233//119 237//119 240//119
f 234//120 235//120 239//120 238//120
o Plane.196
v 4.179726 0.027512 0.042659
v 3.951921 0.027512 -0.002932
v 4.157800 0.027512 0.152220
v 3.929994 0.027512 0.106629
v 4.157800 0.027512 0.152220
v 4.179726 0.027512 0.042659
v 3.951921 0.027512 -0.002932
v 3.929994 0.027512 0.106629
v 4.157800 0.109557 0.152220
v 4.179726 0.109557 0.042659
v 3.951921 0.109557 -0.002932
v 3.929994 0.109557 0.106629
vn -0.0000 -1.0000 -0.0000
vn -0.9806 -0.0000 -0.1962
vn -0.0000 1.0000 -0.0000
vn 0.9806 -0.0000 0.1962
vn -0.1962 -0.0000 0.9806
vn 0.1962 -0.0000 -0.9806
s 0
usemtl Material.195
f 241//121 243//121 244//121 242//121
f 247//122 248//122 252//122 251//122
f 242//123 244//123 248//123 247//123
f 243//123 241//123 246//123 245//123
f 244//123 243//123 245//123 248//123
f 241//123 242//123 247//123 246//123
f 250//123 251//123 252//123 249//123
f 245//124 246//124 250//124 249//124
f 248//125 245//125 249//125 252//125
f 246//126 247//126 251//126 250//126
o Plane.197
v 3.953248 0.027512 -0.004347
v 3.725442 0.027512 -0.049938
v 3.931321 0.027512 0.105214
v 3.703516 0.027512 0.059623
v 3.931321 0.027512 0.105214
v 3.953248 0.027512 -0.004347
v 3.725442 0.027512 -0.049938
v 3.703516 0.027512 0.059623
v 3.931321 0.109557 0.105214
v 3.953248 0.109557 -0.004347
v 3.725442 0.109557 -0.049938
v 3.703516 0.109557 0.059623
vn -0.0000 -1.0000 -0.0000
vn -0.9806 -0.0000 -0.1962
vn -0.0000 1.0000 -0.0000
vn 0.9806 -0.0000 0.1962
vn -0.1962 -0.0000 0.9806
vn 0.1962 -0.0000 -0.9806
s 0
usemtl Material.196
f 253//127 255//127 256//127 254//127
f 259//128 260//128 264//128 263//128
f 254//129 256//129 260//129 259//129
f 255//129 253//129 258//129 257//129
f 256//129 255//129 257//129 260//129
f 253//129 254//129 259//129 258//129
f 262//129 263//129 264//129 261//129
f 257//130 258//130 262//130 261//130
f 260//131 257//131 261//131 264//131
f 258//132 259//132 263//132 262//132
o Plane.198
v 4.406932 0.027512 0.089816
v 4.179127 0.027512 0.044225
v 4.385006 0.027512 0.199377
v 4.157200 0.027512 0.153786
v 4.385006 0.027512 0.199377
v 4.406932 0.027512 0.089816
v 4.179127 0.027512 0.044225
v 4.157200 0.027512 0.153786
v 4.385006 0.109557 0.199377
v 4.406932 0.109557 0.089816
v 4.179127 0.109557 0.044225
v 4.157200 0.109557 0.153786
vn -0.0000 -1.0000 -0.0000
vn -0.9806 -0.0000 -0.1962
vn -0.0000 1.0000 -0.0000
vn 0.9806 -0.0000 0.1962
vn -0.1962 -0.0000 0.9806
vn 0.1962 -0.0000 -0.9806
s 0
usemtl Material.197
f 265//133 267//133 268//133 266//133
f 271//134 272//134 276//134 275//134
f 266//135 268//135 272//135 271//135
f 267//135 265//135 270//135 269//135
f 268//135 267//135 269//135 272//135
f 265//135 266//135 271//135 270//135
f 274//135 275//135 276//135 273//135
f 269//136 270//136 274//136 273//136
f 272//137 269//137 273//137 276//137
f 270//138 271//138 275//138 274//138
o Plane.199
v 4.633410 0.027512 0.136821
v 4.405604 0.027512 0.091230
v 4.611484 0.027512 0.246382
v 4.383678 0.027512 0.200791
v 4.611484 0.027512 0.246382
v 4.633410 0.027512 0.136821
v 4.405604 0.027512 0.091230
v 4.383678 0.027512 0.200791
v 4.611484 0.109557 0.246382
v 4.633410 0.109557 0.136821
v 4.405604 0.109557 0.091230
v 4.383678 0.109557 0.200791
vn -0.0000 -1.0000 -0.0000
vn -0.9806 -0.0000 -0.1962
vn -0.0000 1.0000 -0.0000
vn 0.9806 -0.0000 0.1962
vn -0.1962 -0.0000 0.9806
vn 0.1962 -0.0000 -0.9806
s 0
usemtl Material.198
f 277//139 279//139 280//139 278//139
f 283//140 284//140 288//140 287//140
f 278//141 280//141 284//141 283//141
f 279//141 277//141 282//141 281//141
f 280//141 279//141 281//141 284//141
f 277//141 278//141 283//141 282//141
f 286//141 287//141 288//141 285//141
f 281//142 282//142 286//142 285//142
f 284//143 281//143 285//143 288//143
f 282//144 283//144 287//144 286//144
o Plane.200
v 4.285556 0.027512 1.822294
v 4.057751 0.027512 1.776703
v 4.263630 0.027512 1.931855
v 4.035824 0.027512 1.886264
v 4.263630 0.027512 1.931855
v 4.285556 0.027512 1.822294
v 4.057751 0.027512 1.776703
v 4.035824 0.027512 1.886264
v 4.263630 0.109557 1.931855
v 4.285556 0.109557 1.822294
v 4.057751 0.109557 1.776703
v 4.035824 0.109557 1.886264
vn -0.0000 -1.0000 -0.0000
vn -0.9806 -0.0000 -0.1962
vn -0.0000 1.0000 -0.0000
vn 0.9806 -0.0000 0.1962
vn -0.1962 -0.0000 0.9806
vn 0.1962 -0.0000 -0.9806
s 0
usemtl Material.199
f 289//145 291//145 292//145 290//145
f 295//146 296//146 300//146 299//146
f 290//147 292//147 296//147 295//147
f 291//147 289//147 294//147 293//147
f 292//147 291//147 293//147 296//147
f 289//147 290//147 295//147 294//147
f 298//147 299//147 300//147 297//147
f 293//148 294//148 298//148 297//148
f 296//149 293//149 297//149 300//149
f 294//150 295//150 299//150 298//150
o Plane.201
v 4.059078 0.027512 1.775289
v 3.831272 0.027512 1.729698
v 4.037152 0.027512 1.884849
v 3.809346 0.027512 1.839258
v 4.037152 0.027512 1.884849
v 4.059078 0.027512 1.775289
v 3.831272 0.027512 1.729698
v 3.809346 0.027512 1.839258
v 4.037152 0.109557 1.884849
v 4.059078 0.109557 1.775289
v 3.831272 0.109557 1.729698
v 3.809346 0.109557 1.839258
vn -0.0000 -1.0000 -0.0000
vn -0.9806 -0.0000 -0.1962
vn -0.0000 1.0000 -0.0000
vn 0.9806 -0.0000 0.1962
vn -0.1962 -0.0000 0.9806
vn 0.1962 -0.0000 -0.9806
s 0
usemtl Material.200
f 301//151 303//151 304//151 302//151
f 307//152 308//152 312//152 311//152
f 302//153 304//153 308//153 307//153
f 303//153 301//153 306//153 305//153
f 304//153 303//153 305//153 308//153
f 301//153 302//153 307//153 306//153
f 310//153 311//153 312//153 309//153
f 305//154 306//154 310//154 309//154
f 308//155 305//155 309//155 312//155
f 306//156 307//156 311//156 310//156
o Plane.202
v 3.605394 0.027512 1.681127
v 3.377588 0.027512 1.635536
v 3.583467 0.027512 1.790688
v 3.355661 0.027512 1.745097
v 3.583467 0.027512 1.790688
v 3.605394 0.027512 1.681127
v 3.377588 0.027512 1.635536
v 3.355661 0.027512 1.745097
v 3.583467 0.109557 1.790688
v 3.605394 0.109557 1.681127
v 3.377588 0.109557 1.635536
v 3.355661 0.109557 1.745097
vn -0.0000 -1.0000 -0.0000
vn -0.9806 -0.0000 -0.1962
vn -0.0000 1.0000 -0.0000
vn 0.9806 -0.0000 0.1962
vn -0.1962 -0.0000 0.9806
vn 0.1962 -0.0000 -0.9806
s 0
usemtl Material.201
f 313//157 315//157 316//157 314//157
f 319//158 320//158 324//158 323//158
f 314//159 316//159 320//159 319//159
f 315//159 313//159 318//159 317//159
f 316//159 315//159 317//159 320//159
f 313//159 314//159 319//159 318//159
f 322//159 323//159 324//159 321//159
f 317//160 318//160 322//160 321//160
f 320//161 317//161 321//161 324//161
f 318//162 319//162 323//162 322//162
o Plane.203
v 3.831872 0.027512 1.728132
v 3.604067 0.027512 1.682541
v 3.809946 0.027512 1.837693
v 3.582140 0.027512 1.792102
v 3.809946 0.027512 1.837693
v 3.831872 0.027512 1.728132
v 3.604067 0.027512 1.682541
v 3.582140 0.027512 1.792102
v 3.809946 0.109557 1.837693
v 3.831872 0.109557 1.728132
v 3.604067 0.109557 1.682541
v 3.582140 0.109557 1.792102
vn -0.0000 -1.0000 -0.0000
vn -0.9806 -0.0000 -0.1962
vn -0.0000 1.0000 -0.0000
vn 0.9806 -0.0000 0.1962
vn -0.1962 -0.0000 0.9806
vn 0.1962 -0.0000 -0.9806
s 0
usemtl Material.202
f 325//163 327//163 328//163 326//163
f 331//164 332//164 336//164 335//164
f 326//165 328//165 332//165 331//165
f 327//165 325//165 330//165 329//165
f 328//165 327//165 329//165 332//165
f 325//165 326//165 331//165 330//165
f 334//165 335//165 336//165 333//165
f 329//166 330//166 334//166 333//166
f 332//167 329//167 333//167 336//167
f 330//168 331//168 335//168 334//168
o Plane.204
v 2.920500 0.027512 1.538977
v 2.692694 0.027512 1.493386
v 2.898573 0.027512 1.648537
v 2.670768 0.027512 1.602946
v 2.898573 0.027512 1.648537
v 2.920500 0.027512 1.538977
v 2.692694 0.027512 1.493386
v 2.670768 0.027512 1.602946
v 2.898573 0.109557 1.648537
v 2.920500 0.109557 1.538977
v 2.692694 0.109557 1.493386
v 2.670768 0.109557 1.602946
vn -0.0000 -1.0000 -0.0000
vn -0.9806 -0.0000 -0.1962
vn -0.0000 1.0000 -0.0000
vn 0.9806 -0.0000 0.1962
vn -0.1962 -0.0000 0.9806
vn 0.1962 -0.0000 -0.9806
s 0
usemtl Material.203
f 337//169 339//169 340//169 338//169
f 343//170 344//170 348//170 347//170
f 338//171 340//171 344//171 343//171
f 339//171 337//171 342//171 341//171
f 340//171 339//171 341//171 344//171
f 337//171 338//171 343//171 342//171
f 346//171 347//171 348//171 345//171
f 341//172 342//172 346//172 345//172
f 344//173 341//173 345//173 348//173
f 342//174 343//174 347//174 346//174
o Plane.205
v 2.694021 0.027512 1.491970
v 2.466216 0.027512 1.446379
v 2.672095 0.027512 1.601531
v 2.444289 0.027512 1.555940
v 2.672095 0.027512 1.601531
v 2.694021 0.027512 1.491970
v 2.466216 0.027512 1.446379
v 2.444289 0.027512 1.555940
v 2.672095 0.109557 1.601531
v 2.694021 0.109557 1.491970
v 2.466216 0.109557 1.446379
v 2.444289 0.109557 1.555940
vn -0.0000 -1.0000 -0.0000
vn -0.9806 -0.0000 -0.1962
vn -0.0000 1.0000 -0.0000
vn 0.9806 -0.0000 0.1962
vn -0.1962 -0.0000 0.9806
vn 0.1962 -0.0000 -0.9806
s 0
usemtl Material.204
f 349//175 351//175 352//175 350//175
f 355//176 356//176 360//176 359//176
f 350//177 352//177 356//177 355//177
f 351//177 349//177 354//177 353//177
f 352//177 351//177 353//177 356//177
f 349//177 350//177 355//177 354//177
f 358//177 359//177 360//177 357//177
f 353//178 354//178 358//178 357//178
f 356//179 353//179 357//179 360//179
f 354//180 355//180 359//180 358//180
o Plane.206
v 3.147705 0.027512 1.586133
v 2.919899 0.027512 1.540542
v 3.125779 0.027512 1.695694
v 2.897973 0.027512 1.650103
v 3.125779 0.027512 1.695694
v 3.147705 0.027512 1.586133
v 2.919899 0.027512 1.540542
v 2.897973 0.027512 1.650103
v 3.125779 0.109557 1.695694
v 3.147705 0.109557 1.586133
v 2.919899 0.109557 1.540542
v 2.897973 0.109557 1.650103
vn -0.0000 -1.0000 -0.0000
vn -0.9806 -0.0000 -0.1962
vn -0.0000 1.0000 -0.0000
vn 0.9806 -0.0000 0.1962
vn -0.1962 -0.0000 0.9806
vn 0.1962 -0.0000 -0.9806
s 0
usemtl Material.205
f 361//181 363//181 364//181 362//181
f 367//182 368//182 372//182 371//182
f 362//183 364//183 368//183 367//183
f 363//183 361//183 366//183 365//183
f 364//183 363//183 365//183 368//183
f 361//183 362//183 367//183 366//183
f 370//183 371//183 372//183 369//183
f 365//184 366//184 370//184 369//184
f 368//185 365//185 369//185 372//185
f 366//186 367//186 371//186 370//186
o Plane.207
v 3.374184 0.027512 1.633138
v 3.146378 0.027512 1.587547
v 3.352257 0.027512 1.742699
v 3.124451 0.027512 1.697108
v 3.352257 0.027512 1.742699
v 3.374184 0.027512 1.633138
v 3.146378 0.027512 1.587547
v 3.124451 0.027512 1.697108
v 3.352257 0.109557 1.742699
v 3.374184 0.109557 1.633138
v 3.146378 0.109557 1.587547
v 3.124451 0.109557 1.697108
vn -0.0000 -1.0000 -0.0000
vn -0.9806 -0.0000 -0.1962
vn -0.0000 1.0000 -0.0000
vn 0.9806 -0.0000 0.1962
vn -0.1962 -0.0000 0.9806
vn 0.1962 -0.0000 -0.9806
s 0
usemtl Material.206
f 373//187 375//187 376//187 374//187
f 379//188 380//188 384//188 383//188
f 374//189 376//189 380//189 379//189
f 375//189 373//189 378//189 377//189
f 376//189 375//189 377//189 380//189
f 373//189 374//189 379//189 378//189
f 382//189 383//189 384//189 381//189
f 377//190 378//190 382//190 381//190
f 380//191 377//191 381//191 384//191
f 378//192 379//192 383//192 382//192
o Plane.208
v 1.550097 0.027512 1.254549
v 1.322291 0.027512 1.208958
v 1.528170 0.027512 1.364110
v 1.300364 0.027512 1.318519
v 1.528170 0.027512 1.364110
v 1.550097 0.027512 1.254549
v 1.322291 0.027512 1.208958
v 1.300364 0.027512 1.318519
v 1.528170 0.109557 1.364110
v 1.550097 0.109557 1.254549
v 1.322291 0.109557 1.208958
v 1.300364 0.109557 1.318519
vn -0.0000 -1.0000 -0.0000
vn -0.9806 -0.0000 -0.1962
vn -0.0000 1.0000 -0.0000
vn 0.9806 -0.0000 0.1962
vn -0.1962 -0.0000 0.9806
vn 0.1962 -0.0000 -0.9806
s 0
usemtl Material.207
f 385//193 387//193 388//193 386//193
f 391//194 392//194 396//194 395//194
f 386//195 388//195 392//195 391//195
f 387//195 385//195 390//195 389//195
f 388//195 387//195 389//195 392//195
f 385//195 386//195 391//195 390//195
f 394//195 395//195 396//195 393//195
f 389//196 390//196 394//196 393//196
f 392//197 389//197 393//197 396//197
f 390//198 391//198 395//198 394//198
o Plane.209
v 1.323619 0.027512 1.207543
v 1.095813 0.027512 1.161952
v 1.301693 0.027512 1.317104
v 1.073887 0.027512 1.271513
v 1.301693 0.027512 1.317104
v 1.323619 0.027512 1.207543
v 1.095813 0.027512 1.161952
v 1.073887 0.027512 1.271513
v 1.301693 0.109557 1.317104
v 1.323619 0.109557 1.207543
v 1.095813 0.109557 1.161952
v 1.073887 0.109557 1.271513
vn -0.0000 -1.0000 -0.0000
vn -0.9806 -0.0000 -0.1962
vn -0.0000 1.0000 -0.0000
vn 0.9806 -0.0000 0.1962
vn -0.1962 -0.0000 0.9806
vn 0.1962 -0.0000 -0.9806
s 0
usemtl Material.208
f 397//199 399//199 400//199 398//199
f 403//200 404//200 408//200 407//200
f 398//201 400//201 404//201 403//201
f 399//201 397//201 402//201 401//201
f 400//201 399//201 401//201 404//201
f 397//201 398//201 403//201 402//201
f 406//201 407//201 408//201 405//201
f 401//202 402//202 406//202 405//202
f 404//203 401//203 405//203 408//203
f 402//204 403//204 407//204 406//204
o Plane.210
v 2.007786 0.027512 1.349542
v 1.779980 0.027512 1.303951
v 1.985859 0.027512 1.459103
v 1.758053 0.027512 1.413512
v 1.985859 0.027512 1.459103
v 2.007786 0.027512 1.349542
v 1.779980 0.027512 1.303951
v 1.758053 0.027512 1.413512
v 1.985859 0.109557 1.459103
v 2.007786 0.109557 1.349542
v 1.779980 0.109557 1.303951
v 1.758053 0.109557 1.413512
vn -0.0000 -1.0000 -0.0000
vn -0.9806 -0.0000 -0.1962
vn -0.0000 1.0000 -0.0000
vn 0.9806 -0.0000 0.1962
vn -0.1962 -0.0000 0.9806
vn 0.1962 -0.0000 -0.9806
s 0
usemtl Material.209
f 409//205 411//205 412//205 410//205
f 415//206 416//206 420//206 419//206
f 410//207 412//207 416//207 415//207
f 411//207 409//207 414//207 413//207
f 412//207 411//207 413//207 416//207
f 409//207 410//207 415//207 414//207
f 418//207 419//207 420//207 417//207
f 413//208 414//208 418//208 417//208
f 416//209 413//209 417//209 420//209
f 414//210 415//210 419//210 418//210
o Plane.211
v 1.781308 0.027512 1.302537
v 1.553502 0.027512 1.256946
v 1.759381 0.027512 1.412098
v 1.531575 0.027512 1.366507
v 1.759381 0.027512 1.412098
v 1.781308 0.027512 1.302537
v 1.553502 0.027512 1.256946
v 1.531575 0.027512 1.366507
v 1.759381 0.109557 1.412098
v 1.781308 0.109557 1.302537
v 1.553502 0.109557 1.256946
v 1.531575 0.109557 1.366507
vn -0.0000 -1.0000 -0.0000
vn -0.9806 -0.0000 -0.1962
vn -0.0000 1.0000 -0.0000
vn 0.9806 -0.0000 0.1962
vn -0.1962 -0.0000 0.9806
vn 0.1962 -0.0000 -0.9806
s 0
usemtl Material.210
f 421//211 423//211 424//211 422//211
f 427//212 428//212 432//212 431//212
f 422//213 424//213 428//213 427//213
f 423//213 421//213 426//213 425//213
f 424//213 423//213 425//213 428//213
f 421//213 422//213 427//213 426//213
f 430//213 431//213 432//213 429//213
f 425//214 426//214 430//214 429//214
f 428//215 425//215 429//215 432//215
f 426//216 427//216 431//216 430//216
o Plane.212
v 2.234992 0.027512 1.396699
v 2.007186 0.027512 1.351108
v 2.213065 0.027512 1.506260
v 1.985259 0.027512 1.460669
v 2.213065 0.027512 1.506260
v 2.234992 0.027512 1.396699
v 2.007186 0.027512 1.351108
v 1.985259 0.027512 1.460669
v 2.213065 0.109557 1.506260
v 2.234992 0.109557 1.396699
v 2.007186 0.109557 1.351108
v 1.985259 0.109557 1.460669
vn -0.0000 -1.0000 -0.0000
vn -0.9806 -0.0000 -0.1962
vn -0.0000 1.0000 -0.0000
vn 0.9806 -0.0000 0.1962
vn -0.1962 -0.0000 0.9806
vn 0.1962 -0.0000 -0.9806
s 0
usemtl Material.211
f 433//217 435//217 436//217 434//217
f 439//218 440//218 444//218 443//218
f 434//219 436//219 440//219 439//219
f 435//219 433//219 438//219 437//219
f 436//219 435//219 437//219 440//219
f 433//219 434//219 439//219 438//219
f 442//219 443//219 444//219 441//219
f 437//220 438//220 442//220 441//220
f 440//221 437//221 441//221 444//221
f 438//222 439//222 443//222 442//222
o Plane.213
v 2.461469 0.027512 1.443705
v 2.233664 0.027512 1.398114
v 2.439543 0.027512 1.553265
v 2.211737 0.027512 1.507674
v 2.439543 0.027512 1.553265
v 2.461469 0.027512 1.443705
v 2.233664 0.027512 1.398114
v 2.211737 0.027512 1.507674
v 2.439543 0.109557 1.553265
v 2.461469 0.109557 1.443705
v 2.233664 0.109557 1.398114
v 2.211737 0.109557 1.507674
vn -0.0000 -1.0000 -0.0000
vn -0.9806 -0.0000 -0.1962
vn -0.0000 1.0000 -0.0000
vn 0.9806 -0.0000 0.1962
vn -0.1962 -0.0000 0.9806
vn 0.1962 -0.0000 -0.9806
s 0
usemtl Material.212
f 445//223 447//223 448//223 446//223
f 451//224 452//224 456//224 455//224
f 446//225 448//225 452//225 451//225
f 447//225 445//225 450//225 449//225
f 448//225 447//225 449//225 452//225
f 445//225 446//225 451//225 450//225
f 454//225 455//225 456//225 453//225
f 449//226 450//226 454//226 453//226
f 452//227 449//227 453//227 456//227
f 450//228 451//228 455//228 454//228
o Plane.214
v 4.517467 0.027512 1.870427
v 4.289661 0.027512 1.824836
v 4.495540 0.027512 1.979988
v 4.267735 0.027512 1.934397
v 4.495540 0.027512 1.979988
v 4.517467 0.027512 1.870427
v 4.289661 0.027512 1.824836
v 4.267735 0.027512 1.934397
v 4.495540 0.109557 1.979988
v 4.517467 0.109557 1.870427
v 4.289661 0.109557 1.824836
v 4.267735 0.109557 1.934397
vn -0.0000 -1.0000 -0.0000
vn -0.9806 -0.0000 -0.1962
vn -0.0000 1.0000 -0.0000
vn 0.9806 -0.0000 0.1962
vn -0.1962 -0.0000 0.9806
vn 0.1962 -0.0000 -0.9806
s 0
usemtl Material.213
f 457//229 459//229 460//229 458//229
f 463//230 464//230 468//230 467//230
f 458//231 460//231 464//231 463//231
f 459//231 457//231 462//231 461//231
f 460//231 459//231 461//231 464//231
f 457//231 458//231 463//231 462//231
f 466//231 467//231 468//231 465//231
f 461//232 462//232 466//232 465//232
f 464//233 461//233 465//233 468//233
f 462//234 463//234 467//234 466//234
o Plane.215
v 0.822333 0.027512 -5.269173
v 0.823988 0.027512 -5.036856
v 0.934063 0.027512 -5.269969
v 0.935718 0.027512 -5.037652
v 0.934063 0.027512 -5.269969
v 0.822333 0.027512 -5.269173
v 0.823988 0.027512 -5.036856
v 0.935718 0.027512 -5.037652
v 0.934063 0.109557 -5.269969
v 0.822333 0.109557 -5.269173
v 0.823988 0.109557 -5.036856
v 0.935718 0.109557 -5.037652
vn -0.0000 -1.0000 -0.0000
vn 0.0071 -0.0000 1.0000
vn -0.0000 1.0000 -0.0000
vn -0.0071 -0.0000 -1.0000
vn 1.0000 -0.0000 -0.0071
vn -1.0000 -0.0000 0.0071
s 0
usemtl Material.214
f 469//235 471//235 472//235 470//235
f 475//236 476//236 480//236 479//236
f 470//237 472//237 476//237 475//237
f 471//237 469//237 474//237 473//237
f 472//237 471//237 473//237 476//237
f 469//237 470//237 475//237 474//237
f 478//237 479//237 480//237 477//237
f 473//238 474//238 478//238 477//238
f 476//239 473//239 477//239 480//239
f 474//240 475//240 479//240 478//240
o Plane.216
v 0.822333 0.027512 -4.574516
v 0.823988 0.027512 -4.342198
v 0.934063 0.027512 -4.575312
v 0.935718 0.027512 -4.342994
v 0.934063 0.027512 -4.575312
v 0.822333 0.027512 -4.574516
v 0.823988 0.027512 -4.342198
v 0.935718 0.027512 -4.342994
v 0.934063 0.109557 -4.575312
v 0.822333 0.109557 -4.574516
v 0.823988 0.109557 -4.342198
v 0.935718 0.109557 -4.342994
vn -0.0000 -1.0000 -0.0000
vn 0.0071 -0.0000 1.0000
vn -0.0000 1.0000 -0.0000
vn -0.0071 -0.0000 -1.0000
vn 1.0000 -0.0000 -0.0071
vn -1.0000 -0.0000 0.0071
s 0
usemtl Material.215
f 481//241 483//241 484//241 482//241
f 487//242 488//242 492//242 491//242
f 482//243 484//243 488//243 487//243
f 483//243 481//243 486//243 485//243
f 484//243 483//243 485//243 488//243
f 481//243 482//243 487//243 486//243
f 490//243 491//243 492//243 489//243
f 485//244 486//244 490//244 489//244
f 488//245 485//245 489//245 492//245
f 486//246 487//246 491//246 490//246
o Plane.217
v 0.822333 0.027512 -4.805821
v 0.823988 0.027512 -4.573503
v 0.934063 0.027512 -4.806617
v 0.935718 0.027512 -4.574299
v 0.934063 0.027512 -4.806617
v 0.822333 0.027512 -4.805821
v 0.823988 0.027512 -4.573503
v 0.935718 0.027512 -4.574299
v 0.934063 0.109557 -4.806617
v 0.822333 0.109557 -4.805821
v 0.823988 0.109557 -4.573503
v 0.935718 0.109557 -4.574299
vn -0.0000 -1.0000 -0.0000
vn 0.0071 -0.0000 1.0000
vn -0.0000 1.0000 -0.0000
vn -0.0071 -0.0000 -1.0000
vn 1.0000 -0.0000 -0.0071
vn -1.0000 -0.0000 0.0071
s 0
usemtl Material.216
f 493//247 495//247 496//247 494//247
f 499//248 500//248 504//248 503//248
f 494//249 496//249 500//249 499//249
f 495//249 493//249 498//249 497//249
f 496//249 495//249 497//249 500//249
f 493//249 494//249 499//249 498//249
f 502//249 503//249 504//249 501//249
f 497//250 498//250 502//250 501//250
f 500//251 497//251 501//251 504//251
f 498//252 499//252 503//252 502//252
o Plane.218
v 0.822333 0.027512 -3.875024
v 0.823988 0.027512 -3.642707
v 0.934063 0.027512 -3.875820
v 0.935718 0.027512 -3.643503
v 0.934063 0.027512 -3.875820
v 0.822333 0.027512 -3.875024
v 0.823988 0.027512 -3.642707
v 0.935718 0.027512 -3.643503
v 0.934063 0.109557 -3.875820
v 0.822333 0.109557 -3.875024
v 0.823988 0.109557 -3.642707
v 0.935718 0.109557 -3.643503
vn -0.0000 -1.0000 -0.0000
vn 0.0071 -0.0000 1.0000
vn -0.0000 1.0000 -0.0000
vn -0.0071 -0.0000 -1.0000
vn 1.0000 -0.0000 -0.0071
vn -1.0000 -0.0000 0.0071
s 0
usemtl Material.217
f 505//253 507//253 508//253 506//253
f 511//254 512//254 516//254 515//254
f 506//255 508//255 512//255 511//255
f 507//255 505//255 510//255 509//255
f 508//255 507//255 509//255 512//255
f 505//255 506//255 511//255 510//255
f 514//255 515//255 516//255 513//255
f 509//256 510//256 514//256 513//256
f 512//257 509//257 513//257 516//257
f 510//258 511//258 515//258 514//258
o Plane.219
v 0.822333 0.027512 -3.643720
v 0.823988 0.027512 -3.411403
v 0.934063 0.027512 -3.644516
v 0.935718 0.027512 -3.412199
v 0.934063 0.027512 -3.644516
v 0.822333 0.027512 -3.643720
v 0.823988 0.027512 -3.411403
v 0.935718 0.027512 -3.412199
v 0.934063 0.109557 -3.644516
v 0.822333 0.109557 -3.643720
v 0.823988 0.109557 -3.411403
v 0.935718 0.109557 -3.412199
vn -0.0000 -1.0000 -0.0000
vn 0.0071 -0.0000 1.0000
vn -0.0000 1.0000 -0.0000
vn -0.0071 -0.0000 -1.0000
vn 1.0000 -0.0000 -0.0071
vn -1.0000 -0.0000 0.0071
s 0
usemtl Material.218
f 517//259 519//259 520//259 518//259
f 523//260 524//260 528//260 527//260
f 518//261 520//261 524//261 523//261
f 519//261 517//261 522//261 521//261
f 520//261 519//261 521//261 524//261
f 517//261 518//261 523//261 522//261
f 526//261 527//261 528//261 525//261
f 521//262 522//262 526//262 525//262
f 524//263 521//263 525//263 528//263
f 522//264 523//264 527//264 526//264
o Plane.220
v 0.822333 0.027512 -4.107072
v 0.823988 0.027512 -3.874755
v 0.934063 0.027512 -4.107868
v 0.935718 0.027512 -3.875551
v 0.934063 0.027512 -4.107868
v 0.822333 0.027512 -4.107072
v 0.823988 0.027512 -3.874755
v 0.935718 0.027512 -3.875551
